4054821387169127
4054825489805140
4054824988945358
4054823092898966
4054826936507503
4054822209215304
4054826198650074
4054821313941763
4054826301934985
4054824516818119
4054827453448949
4054823067966111
4054828839565836
4054822124835079
4054821755114614
4054823394284626
4054820399375086
4054827962266691
4054820660128974
4054823832312062
4054827852756470
4054828897225471
4054829675063548
4054823228381283
4054821547446522
4054824360882856
4054826198223716
4054823786914566
4054821468013905
4054824658176557
4054825043114112
4054829941094301
4054827209308272
4054829150807526
4054822671608176
4054827192621384
4054825026166741
4054825981881565
4054826617650663
4054824313797466
4054828787883751
4054821682862046
4054822656572918
4054824151391133
4054828803788570
4054820716369010
4054820020843908
4054826628065398
4054822813705955
4054820873805665
4054824302646260
4054824834664740
4054824830510939
4054828512841082
4054821064550755
4054821697267082
4054827586250436
4054825777562148
4054820717451312
4054820946953047
4054829482526182
4054825427278608
4054821603757499
4054824055198014
